980	25  460	120	1.61	35	12	0.315	0.1394	0.2	0.75	2	3.46	101	2.4352	7.3	466.82	2253.7
950	45	600	200	2.41	74	14	7.683	24.7353	35.5	131.64	7	613.5	18015	2.7703	6.6	473.08	2253.7
990	23	430	100	1.96	22	32	1.541	3.961	7.12	26.4	0	7.71	3613	3.6676	5.3	488.63	2253.7
970	33	350	80	2.43	88	20	6.61	6.966	32.65	165	7	56.53	16579	3.3437	9.7	295.65	3023.6
998	18	150	0	1.52	2	0	0.78	0.371	0.533	5.3	0	9.211	0	2.4352	7.3	466.82	2253.7
1000	16	160	0	1.63	15	0	0.039	0.125	0.18	0.67	0	3.11	0	3.7638	5.5	550.53	4314.1
935	51	460	220	1.43	31	0	0.065	0.089	0.3	1.11	0	2.34	0	4.1405	5.1	494.03	2253.7
950	45	500	180	3.22	182	48	26.2	4.23	261.62	151.9	22	455.9	10700	2.4352	7.3	466.82	2253.7
975	33	400	120	2.34	55	40	10.72	13.179	32.4	213.41	3	46.66	6300	1.8646	12.8	286.85	3023.6
970	35	450	180	2.13	44	45	12.05	1.89	37.56	254.6	4	197.4	7303	1.8646	12.8	286.85	3023.6
980	30	350	100	1.14	11	48	13.08	1.396	74.67	402.79	67	106.8	9400	1.8646	12.8	286.85	3023.6
975	35	500	150	1.65	0	40	2.853	1.002	24.85	574.97	2	228.5	1900	1.6469	12.9	284.6	3023.6
945	50	450	160	1.97	77	18	109.18	2.9077	121.3	743.811	25	286.246	33726	1.0871	33.6	233.9	1823
975	33	499	100	2.17	0	30	33.9	0.57	77.057	641.24	1	35.735	24900	2.8077	6	525.43	4314.1
986	23	100	0	0.92	0	12	0	0.003	0.59	11.22	0	5.72	20	1.2277	20.8	201.44	1478.2
